0 Untitled Model
0 Name:  UntitledModel
0 Author:  
0 CustomBrick
1 22 10.000000 -8.000000 70.000000 1.000000 0.000000 0.000000 0.000000 1.000000 0.000000 0.000000 0.000000 1.000000 15395.dat
1 2 10.041780 -24.000000 69.763720 0.856892 0.000000 -0.515496 0.000000 1.000000 0.000000 0.515496 0.000000 0.856892 6255.dat
1 2 10.000000 -40.000000 70.000000 1.000000 0.000000 0.000000 0.000000 1.000000 0.000000 0.000000 0.000000 1.000000 3741.dat
1 14 10.000000 -57.306430 88.774700 1.000000 0.000000 0.000000 0.000000 0.900871 0.434086 0.000000 -0.434086 0.900871 3742.dat
1 14 29.968140 -66.434040 58.386320 0.913619 -0.403810 0.047298 0.403810 0.887722 -0.221105 0.047298 0.221105 0.974102 3742.dat
1 14 -8.731790 -63.268640 59.262580 0.920430 0.388389 -0.044292 -0.388389 0.895776 -0.216194 -0.044292 0.216194 0.975345 3742.dat
